0 151 118 39 72 381 120 32 72 223 147 80 153 32 134 61 139 
1 275 114 28 67 246 123 39 63 180 152 119 199 362 121 36 91 57 136 55 135 147 114 44 80 205 148 78 158 15 140 66 134 
2 86 108 20 39 229 123 38 62 360 122 33 88 142 121 38 70 36 136 61 137 266 117 30 63 188 152 88 154 11 144 62 128 
3 225 127 38 58 144 122 34 66 259 118 29 65 34 136 60 137 1 142 55 134 169 154 96 174 
4 214 127 34 56 450 121 29 96 343 126 34 90 256 117 31 67 14 139 68 140 0 140 48 143 166 154 85 176 
5 63 117 41 63 207 142 37 58 448 125 30 89 343 126 29 87 0 143 27 134 232 122 31 70 255 119 29 65 11 140 62 134 154 157 83 174 
6 326 129 38 85 194 136 39 68 345 130 28 81 448 129 31 87 63 119 40 59 229 121 31 73 1 138 57 139 252 118 31 66 146 156 83 179 
7 343 129 28 83 326 128 38 89 448 128 32 89 141 124 34 61 228 122 29 68 188 138 37 65 1 159 56 132 250 118 32 67 128 158 83 179 
8 307 121 22 34 177 135 38 67 415 116 30 72 435 125 41 90 219 128 26 76 1 145 46 128 323 125 37 93 108 158 86 182 249 119 28 64 
9 434 131 43 81 64 119 42 67 413 116 30 70 215 128 27 77 325 127 31 88 247 119 26 66 68 158 127 194 
10 282 121 20 34 308 125 34 93 180 129 28 56 213 123 29 60 299 121 20 35 432 135 42 76 329 125 23 89 240 117 30 69 64 120 37 57 37 160 136 192 144 144 58 115 
11 173 130 30 54 195 131 32 79 278 120 22 36 305 127 35 90 210 122 31 59 430 136 43 75 239 116 31 67 35 113 30 53 64 122 30 54 34 159 120 196 128 144 59 122 
12 271 122 23 35 304 128 33 90 161 129 30 55 429 131 45 78 63 121 35 56 235 117 33 72 13 160 114 195 112 147 63 118 
13 200 121 28 63 156 129 32 76 62 121 41 70 232 117 35 73 426 132 45 81 5 162 108 194 101 149 63 120 
14 288 128 37 89 140 126 34 53 59 119 39 72 176 133 29 85 197 120 30 99 426 133 42 82 231 116 33 73 0 170 95 184 81 149 73 121 
15 174 139 31 92 261 118 25 39 387 114 29 76 15 105 32 60 134 126 41 91 284 128 38 92 62 120 34 70 415 128 46 87 229 116 33 74 0 160 82 203 189 120 40 98 62 148 78 125 
16 259 119 58 104 358 117 32 71 331 116 29 29 386 115 30 72 285 128 33 86 133 125 35 56 13 103 32 61 1 166 53 192 61 114 31 71 228 115 34 73 414 128 46 87 186 115 39 100 44 147 82 131 
17 155 132 32 82 356 116 32 76 122 124 38 57 10 103 33 60 54 110 32 58 227 113 33 74 265 125 41 94 413 131 44 84 182 115 36 105 23 144 91 137 
18 119 125 34 56 224 112 36 51 253 119 56 106 412 132 44 79 176 117 39 101 17 137 83 149 
19 346 118 35 73 218 113 38 52 116 126 35 59 408 129 43 79 244 122 53 103 171 119 41 94 3 146 82 149 
20 225 113 31 67 105 126 36 57 56 121 40 60 138 133 29 81 408 132 43 78 250 126 42 94 168 120 45 92 4 141 71 164 
21 126 132 35 105 400 117 57 105 166 119 43 92 0 145 59 160 
22 337 111 34 84 121 132 35 103 392 117 56 105 156 121 47 93 1 138 42 174 
23 255 129 28 84 396 128 44 86 151 122 44 91 
24 323 112 39 79 104 138 36 102 395 132 43 82 147 121 45 88 
25 64 132 42 68 101 133 28 74 138 125 46 86 393 133 41 80 
26 87 135 36 105 177 109 36 73 135 124 40 94 389 129 44 89 
27 134 124 41 93 79 136 36 102 390 134 42 81 
28 141 130 34 88 380 130 43 87 118 126 39 95 15 123 62 98 160 132 65 105 70 133 38 109 226 137 37 102 
29 12 125 58 127 139 130 31 86 58 130 50 120 372 124 56 101 115 127 37 97 
30 377 129 41 90 0 124 57 130 106 124 39 104 39 126 53 134 
31 144 135 57 101 3 130 45 76 214 126 39 95 121 127 34 93 375 129 43 90 40 129 46 127 98 124 37 102 
32 0 144 29 90 208 124 39 99 87 123 40 101 375 127 41 92 123 139 68 100 24 130 52 125 
33 178 133 31 75 18 130 49 127 83 125 40 97 119 137 66 101 376 127 40 90 
34 102 125 34 83 126 140 57 136 76 124 40 97 6 133 52 142 376 126 38 92 
35 129 140 54 137 375 126 40 93 2 130 48 125 65 127 42 92 104 143 64 133 
36 0 136 29 64 139 136 32 70 374 128 41 89 58 126 42 84 88 138 63 144 
37 81 128 28 51 436 119 41 60 0 139 26 97 47 128 43 79 365 123 57 102 87 143 61 139 
38 399 124 27 61 94 139 54 144 64 142 69 140 361 126 42 93 
39 398 125 26 58 261 111 55 51 30 124 40 65 361 124 42 95 43 141 78 143 
40 22 124 38 61 397 125 26 57 264 112 48 80 361 124 40 95 28 138 78 168 
41 396 124 26 59 266 114 42 69 6 123 40 63 24 138 71 169 360 124 39 95 
42 66 141 38 98 396 125 27 58 254 113 53 53 2 119 35 75 359 124 39 93 9 141 68 164 
43 394 124 29 56 140 123 66 59 45 139 44 171 0 126 22 81 259 117 40 64 359 123 39 92 2 142 58 169 
44 455 119 23 37 390 121 26 60 35 143 46 164 360 123 38 91 1 145 46 167 
45 389 121 27 57 2 145 48 168 358 125 40 91 
46 389 119 26 58 38 125 44 81 356 125 40 90 1 141 43 173 
47 306 112 22 33 249 118 38 63 1 135 29 187 354 127 42 88 38 122 44 86 
48 319 110 33 54 353 126 43 87 306 111 21 34 38 122 44 86 
49 345 122 58 101 
50 352 128 43 88 
51 352 128 43 89 
52 352 128 43 89 
53 445 118 22 37 353 128 42 87 
54 353 128 41 89 444 116 21 40 
55 443 115 23 40 354 126 40 89 
56 354 127 41 85 
57 354 126 40 86 98 124 33 53 48 133 75 119 
58 354 128 42 81 42 130 78 120 298 118 37 37 
59 354 128 41 79 80 125 35 56 26 126 83 130 
60 21 105 19 30 353 129 41 77 409 116 45 69 22 128 77 129 
61 410 118 41 70 281 107 52 50 24 128 73 120 
62 286 103 45 62 410 119 42 71 7 120 74 137 
63 276 107 56 48 356 129 37 73 410 119 41 68 160 125 60 64 3 121 73 136 
64 410 120 39 63 355 128 37 74 145 125 70 65 1 123 57 163 
65 20 125 39 57 354 128 39 74 141 126 71 64 0 122 50 167 
66 3 120 41 70 135 128 71 72 
67 123 124 76 67 0 114 29 75 
68 273 105 30 34 110 128 84 123 
69 100 126 88 161 
70 92 127 87 160 
71 86 128 89 161 
72 72 127 92 167 
73 59 126 94 169 
74 268 114 45 72 52 126 93 172 
75 267 112 46 74 22 127 117 188 
76 266 109 47 78 11 127 115 193 
77 345 129 41 73 264 110 49 80 17 133 88 152 
78 344 125 43 79 7 138 84 171 262 111 49 79 
79 352 128 39 74 263 112 48 80 0 135 83 183 
80 345 128 41 74 259 111 50 80 1 141 58 169 
81 344 126 41 78 0 137 52 138 257 112 50 76 
82 343 126 42 77 257 112 49 77 
83 343 128 41 75 256 112 47 81 
84 304 122 37 60 342 127 44 78 255 112 48 80 
85 0 109 22 39 388 124 25 41 342 126 43 83 255 114 47 77 
86 82 123 63 96 0 111 23 37 300 114 33 33 388 124 25 41 342 128 41 79 255 117 46 72 
87 300 117 33 35 61 125 36 40 78 125 69 122 389 124 22 33 0 111 24 38 340 129 44 78 252 119 43 69 
88 446 121 21 28 408 125 20 31 148 126 55 52 76 124 60 100 389 125 21 32 59 123 36 46 456 119 24 34 0 111 24 38 341 128 42 80 252 120 42 68 
89 441 124 18 25 60 125 34 40 407 125 19 30 298 119 36 62 1 112 23 36 252 120 42 69 340 129 41 77 457 120 22 33 
90 382 126 22 38 437 127 15 18 407 127 20 34 252 123 39 64 454 120 23 34 339 130 41 75 
91 381 128 22 36 137 129 37 55 250 123 38 60 338 130 42 75 
92 24 122 36 59 95 127 24 39 57 128 56 108 123 131 54 52 247 127 40 79 337 129 41 75 
93 56 129 52 107 253 129 32 77 336 130 42 74 
94 26 121 34 58 251 127 30 79 121 138 39 55 54 129 52 107 336 131 41 74 
95 287 124 29 26 436 120 41 34 379 125 24 39 89 135 70 137 337 134 39 68 
96 435 120 43 36 336 132 40 71 32 130 59 110 
97 399 125 22 29 16 125 60 123 335 133 39 70 
98 14 116 19 38 434 119 22 37 399 126 20 37 335 131 39 72 14 126 58 121 
99 281 123 36 60 52 124 64 134 398 126 20 38 230 128 37 52 335 130 39 73 13 123 58 130 
100 398 126 21 39 377 127 36 53 226 126 39 56 280 121 36 67 2 125 52 124 327 132 40 74 43 128 81 129 
101 0 130 26 79 326 131 40 75 177 124 43 63 227 126 37 56 272 121 39 65 2 124 55 126 
102 273 122 35 63 177 123 42 62 
103 68 126 40 84 174 124 43 61 35 148 51 153 
104 427 127 19 36 270 119 37 66 23 121 23 32 69 120 61 96 172 123 43 56 7 142 67 160 
105 378 128 33 53 391 129 22 38 265 119 41 68 25 121 25 39 163 124 53 54 1 148 57 153 
106 378 128 33 53 372 129 22 37 26 122 25 37 391 129 21 37 66 125 42 85 0 137 51 174 169 125 41 54 
107 324 135 36 73 372 130 22 36 49 129 24 39 391 130 21 36 262 126 38 79 168 126 41 57 66 126 40 84 28 124 24 40 
108 263 126 36 77 375 131 39 72 66 128 39 81 29 126 25 38 148 126 58 56 321 135 40 73 
109 0 119 29 100 65 128 41 81 30 127 25 38 375 131 39 71 318 134 43 78 148 125 56 60 
110 263 127 33 77 320 136 41 71 376 131 36 70 0 120 30 96 169 143 57 59 153 125 45 60 
111 256 127 34 77 320 136 43 72 161 138 60 64 307 125 24 40 0 121 30 95 152 125 41 61 
112 288 130 36 72 0 122 28 92 32 128 31 37 255 126 33 78 320 137 42 70 152 127 37 57 158 137 63 65 
113 32 129 32 36 313 134 60 106 255 127 32 76 153 126 31 58 318 135 44 70 0 122 29 94 154 137 64 101 
114 253 131 34 73 146 127 31 57 316 138 42 68 0 122 30 95 147 138 66 101 
115 144 129 31 55 253 131 32 71 63 128 41 84 33 128 32 37 0 122 32 98 316 138 41 68 142 140 65 98 
116 382 132 21 34 63 127 42 84 33 128 32 37 0 121 32 99 135 140 68 100 315 136 41 71 
117 63 128 43 83 33 128 33 37 0 120 31 100 316 138 39 67 126 140 64 97 
118 318 140 35 62 63 128 44 80 289 127 22 38 399 133 32 67 33 129 33 37 0 120 32 99 118 142 66 98 
119 397 132 31 69 0 123 32 97 380 131 20 37 362 133 21 41 33 128 34 38 289 126 21 40 63 129 45 80 106 141 72 95 
120 320 138 36 67 342 134 31 64 380 131 20 35 178 122 20 36 395 130 32 71 361 133 21 42 34 128 33 37 288 126 22 41 98 142 72 97 58 129 57 53 0 122 43 94 
121 35 128 33 38 287 127 22 41 64 127 42 58 0 122 42 96 87 149 74 116 
122 345 134 30 73 66 126 39 55 308 136 38 70 34 125 35 51 0 122 43 101 77 146 75 131 
123 344 133 30 76 36 126 33 52 306 136 40 69 64 128 35 50 0 122 47 109 61 147 79 130 
124 116 134 36 67 343 135 28 69 35 126 34 53 373 132 20 35 64 129 30 49 303 136 42 70 1 121 48 110 57 146 75 151 
125 38 125 26 41 370 130 22 38 273 124 34 54 304 135 39 69 1 121 40 64 103 136 43 68 38 149 80 151 
126 306 136 37 67 1 122 40 64 97 140 47 90 24 146 82 160 
127 366 130 20 38 380 128 29 54 213 125 45 86 304 135 40 71 1 122 42 63 89 134 56 110 6 149 91 155 
128 380 128 27 56 66 126 26 56 365 130 20 38 332 129 27 78 4 121 34 63 304 134 37 70 77 138 57 108 5 147 76 162 
129 211 126 45 83 379 128 28 55 331 128 28 80 364 130 20 37 2 119 34 62 303 132 39 73 65 136 61 109 1 149 65 184 
130 5 122 32 32 363 130 18 37 331 129 27 79 280 124 24 42 380 128 20 40 302 132 37 73 2 150 51 183 55 136 60 111 
131 362 129 18 37 329 130 26 78 281 123 23 42 346 129 17 36 374 128 22 39 6 121 38 61 301 132 36 72 0 150 44 187 46 138 61 113 
132 354 130 22 37 281 122 22 37 329 130 26 76 373 127 20 40 300 132 36 70 4 124 40 89 38 139 60 125 
133 354 130 21 38 280 122 23 37 300 134 34 68 328 129 25 76 372 127 20 41 6 122 35 65 25 134 64 118 
134 355 130 20 37 292 134 37 69 370 128 20 40 328 129 24 75 5 120 35 68 10 140 68 126 
135 366 128 21 39 353 129 20 38 5 120 32 65 327 128 26 78 291 133 36 69 3 139 60 128 
136 351 130 20 38 193 130 32 51 324 127 27 78 365 128 22 41 290 133 37 69 1 141 55 128 
137 346 130 21 37 188 133 37 71 323 125 30 84 363 127 21 40 286 136 39 68 0 134 47 142 
138 344 129 21 37 322 125 35 82 186 131 40 74 361 127 23 40 285 135 39 69 0 134 42 146 
139 62 125 45 86 320 126 40 80 180 131 40 75 5 113 36 52 359 126 24 41 285 133 37 69 
140 159 124 29 56 320 128 37 79 5 113 35 49 284 133 36 69 358 126 24 42 178 133 42 74 
141 312 126 32 80 7 121 38 51 160 123 28 58 283 134 35 66 355 126 23 42 177 132 42 82 
142 8 121 38 56 281 137 36 64 311 125 31 82 353 125 25 43 174 135 45 74 
143 310 125 29 85 332 126 22 42 280 139 36 66 170 133 46 77 7 121 39 60 352 125 24 43 
144 332 124 22 44 272 135 37 68 5 119 42 67 160 131 57 112 352 124 23 47 308 125 32 82 
145 63 124 42 87 327 121 22 47 272 132 35 71 349 126 28 55 160 132 55 107 305 125 33 82 
146 193 124 28 61 152 135 55 104 6 118 40 66 272 134 33 69 64 124 43 84 326 122 22 45 348 125 27 56 303 124 32 82 
147 65 124 43 84 7 121 38 60 270 134 33 68 303 124 32 84 326 123 21 44 347 124 29 56 
148 182 125 30 59 126 107 37 59 65 124 44 85 270 134 32 70 325 124 21 44 9 122 37 58 303 122 28 68 147 136 55 109 346 124 29 59 
149 441 129 34 33 181 127 31 81 270 132 29 73 298 124 26 66 343 123 31 61 146 138 57 106 
150 126 105 36 65 320 127 19 42 64 123 40 87 7 120 37 59 439 128 34 33 176 126 33 52 298 125 25 65 269 133 30 72 141 141 58 104 341 125 32 60 
151 176 127 32 53 65 125 41 85 296 123 25 69 6 119 40 61 267 129 31 76 339 124 33 59 131 138 61 131 
152 268 128 29 77 41 120 22 40 318 127 20 40 172 126 34 53 65 125 43 85 6 120 43 61 296 121 25 72 129 137 62 133 338 124 32 61 
153 316 126 20 42 169 125 39 55 266 131 29 74 6 122 42 60 65 124 42 86 338 124 31 60 295 122 24 72 129 141 62 125 
154 42 121 34 51 315 126 21 42 264 131 30 74 168 125 38 55 66 123 42 88 6 122 41 61 337 124 32 61 292 122 24 68 125 140 59 125 
155 46 120 25 40 122 108 34 58 263 130 31 76 167 125 40 54 6 119 44 65 289 122 26 66 66 122 44 89 336 123 34 64 117 138 67 135 
156 47 119 24 41 166 126 40 55 120 109 34 54 8 120 40 62 67 123 42 85 263 128 31 81 288 123 26 64 336 125 34 61 108 142 66 131 
157 48 120 23 40 198 128 19 35 8 117 39 66 164 126 45 87 120 109 35 52 74 117 42 75 258 127 32 80 336 125 33 61 287 124 26 64 102 140 71 137 
158 307 127 20 37 49 120 23 39 198 129 20 31 120 109 35 55 160 124 44 89 8 118 42 68 68 118 41 68 336 125 33 62 255 125 33 85 286 124 26 64 101 145 66 132 
159 49 124 24 40 305 127 22 39 157 128 46 113 120 111 32 56 8 116 47 73 330 125 35 61 254 125 33 84 287 125 25 63 69 120 39 63 83 149 83 146 
160 145 118 28 60 3 116 56 109 121 115 33 63 285 124 26 64 254 126 32 84 69 120 39 66 330 125 34 61 154 129 50 110 82 149 77 151 
161 277 120 28 70 146 118 26 61 70 120 35 64 121 116 29 64 330 125 34 61 3 118 57 106 153 128 50 114 253 122 34 93 76 149 79 151 
162 77 120 34 63 150 120 20 38 278 120 26 70 58 119 23 41 329 125 34 60 121 116 29 64 153 127 53 115 251 122 35 98 1 116 60 106 65 147 84 158 
163 150 120 19 39 277 120 26 70 2 121 60 65 330 125 33 62 121 116 30 63 251 123 34 92 152 127 56 116 62 144 82 166 
164 149 119 18 39 85 123 38 58 19 121 45 67 277 122 25 66 330 125 32 62 251 125 33 89 120 116 32 62 151 128 57 112 56 148 84 163 
165 276 122 25 64 18 123 46 64 250 128 31 87 120 116 31 60 86 122 39 63 329 125 32 63 149 129 62 114 47 150 82 155 
166 64 119 24 39 275 122 25 63 249 128 32 85 20 123 40 61 329 125 31 61 121 116 31 60 146 129 64 114 82 125 43 82 36 151 85 158 
167 276 124 25 60 61 119 33 53 120 115 31 62 248 130 33 84 22 122 35 61 328 124 32 64 83 121 46 89 144 130 64 114 17 154 92 172 
168 22 124 34 60 62 117 31 55 121 116 30 60 247 130 34 83 327 124 32 64 80 120 53 102 142 129 65 119 13 157 94 168 
169 293 126 19 39 65 118 31 55 272 124 26 59 217 115 18 48 119 113 32 50 245 130 37 85 327 123 33 67 141 130 66 121 84 123 44 90 5 150 87 187 
170 0 124 19 97 120 113 30 51 271 123 25 60 292 126 20 39 24 123 43 62 66 118 31 57 327 123 32 66 244 128 36 89 87 122 41 95 138 131 71 123 3 157 86 180 
171 215 115 19 49 270 122 26 60 119 113 29 52 244 128 35 87 291 127 21 38 68 118 32 58 328 125 31 63 26 123 40 65 135 131 72 124 1 163 87 196 92 123 42 90 
172 214 117 20 45 71 117 30 59 290 128 20 36 269 123 26 58 119 114 28 52 26 125 43 88 1 148 56 194 322 132 38 68 234 129 36 89 130 129 63 121 93 124 41 88 
173 289 126 21 39 59 112 21 37 28 124 42 94 1 170 51 187 71 116 32 62 269 121 28 62 0 128 42 89 119 113 28 52 178 118 32 68 212 114 21 49 93 125 41 86 124 134 73 139 326 124 33 66 232 127 39 91 
174 288 125 21 41 269 122 26 62 61 113 19 36 71 118 32 58 39 120 40 64 122 116 23 42 1 121 44 129 179 117 32 68 97 122 34 58 212 114 21 49 326 124 34 66 233 126 37 94 124 130 72 145 
175 268 122 26 58 79 118 22 43 210 113 18 51 287 126 21 40 0 119 50 112 176 118 34 64 123 115 20 41 328 125 32 63 236 128 34 93 39 120 42 65 99 121 36 58 120 130 74 147 
176 261 119 25 62 126 118 17 40 1 123 49 126 210 114 17 50 79 117 31 58 289 124 19 43 176 117 34 67 328 123 33 65 38 120 43 64 234 125 35 97 103 123 32 56 119 127 76 152 
177 209 114 18 51 266 125 40 82 82 118 25 44 177 116 32 68 234 126 35 93 1 126 52 120 39 120 44 69 327 122 34 66 103 124 34 55 116 129 79 150 
178 1 123 53 103 84 118 24 44 42 121 43 67 328 123 33 64 232 126 36 93 106 123 31 55 115 133 79 149 
179 283 123 19 33 268 124 32 58 83 117 34 58 1 124 54 105 109 120 27 54 328 123 33 58 231 123 35 98 42 121 39 62 112 132 82 151 
180 207 112 17 52 177 114 34 71 84 117 35 59 1 126 57 100 327 123 33 58 272 123 34 65 228 123 35 96 45 123 41 60 111 132 83 154 
181 379 126 67 37 281 126 36 78 1 125 58 100 268 123 37 83 227 125 36 93 326 122 33 58 45 123 42 59 109 133 86 154 
182 176 115 36 71 284 124 30 65 0 125 60 101 269 122 31 65 48 124 40 59 327 122 31 56 226 125 38 93 108 134 62 151 
183 176 117 31 66 383 129 54 30 1 112 18 35 265 122 34 59 92 118 23 41 325 122 35 59 230 122 35 99 1 128 55 121 286 125 35 78 56 120 44 68 106 135 68 148 
184 383 128 54 31 35 114 32 35 2 129 55 120 217 118 56 106 326 122 34 58 290 121 34 86 94 119 23 42 57 123 45 64 104 138 69 145 
185 2 111 19 37 383 129 54 30 262 125 18 43 266 122 32 50 325 122 34 58 37 113 29 51 0 124 61 101 94 117 24 45 299 125 39 80 216 127 37 94 58 124 44 62 103 135 67 144 
186 273 124 21 40 304 128 34 74 2 133 61 62 95 119 24 44 217 124 37 96 60 124 45 63 101 134 70 147 
187 260 124 20 42 327 123 32 64 97 120 23 42 273 121 21 38 8 132 73 67 216 126 36 94 63 125 42 58 307 131 34 73 99 135 74 144 
188 271 124 22 40 334 121 23 39 255 122 31 51 218 132 33 72 386 126 49 31 100 123 24 42 157 126 39 52 12 132 68 67 309 128 33 77 66 123 42 58 98 136 73 147 
189 101 124 24 40 330 121 31 69 217 132 34 68 254 122 32 50 157 130 44 77 385 125 49 31 12 133 69 65 309 128 36 78 1 140 49 134 68 123 39 57 97 137 74 147 
190 254 122 34 52 386 126 48 31 104 120 21 40 216 125 34 63 1 137 53 135 320 124 39 81 15 122 69 103 76 122 40 59 95 138 77 147 
191 106 121 19 38 386 125 47 31 217 125 34 60 167 126 60 96 1 139 56 134 322 125 36 80 17 134 66 65 77 124 39 59 93 136 80 153 
192 307 124 25 43 219 125 32 59 387 125 46 32 200 107 16 44 324 129 37 75 0 140 56 133 174 129 44 85 28 126 66 99 80 124 37 60 93 137 82 147 
193 307 125 24 41 176 130 73 108 328 133 34 68 176 129 44 88 218 124 33 56 203 106 15 44 386 125 46 32 1 138 57 138 33 127 67 96 83 125 35 56 92 137 83 171 
194 250 122 36 53 386 124 46 33 38 134 59 68 1 139 59 135 183 126 58 98 86 127 34 53 88 138 71 174 
195 136 118 33 60 387 125 45 32 250 121 37 56 88 126 32 51 51 132 48 79 192 129 44 90 2 141 61 133 85 139 76 172 
196 137 122 33 59 388 124 43 32 327 120 36 65 249 121 38 58 2 139 59 133 55 130 45 77 198 127 59 97 82 137 79 179 
197 30 117 31 64 137 122 29 61 389 124 42 32 250 122 36 57 205 108 17 41 57 130 43 76 1 137 62 139 202 124 55 103 78 133 88 180 
198 269 119 20 39 205 108 17 41 60 132 41 72 203 123 61 107 2 139 60 135 76 138 89 175 
199 137 127 36 77 69 135 35 68 205 109 18 40 218 128 57 97 0 135 66 137 76 139 91 174 
200 252 120 34 52 253 120 19 39 206 108 17 41 132 124 39 84 224 124 51 107 72 135 97 180 2 134 74 144 
201 132 123 40 87 206 108 16 41 202 120 29 56 327 122 32 58 3 132 74 145 66 138 99 177 227 125 56 106 
202 270 119 19 41 200 119 34 64 325 120 33 61 6 130 67 122 59 139 84 179 239 126 55 102 
203 325 120 33 62 199 119 38 99 55 137 83 182 10 135 61 107 247 125 53 105 
204 323 120 33 64 95 112 31 49 15 131 54 106 199 118 38 100 52 137 90 185 254 134 59 96 
205 326 120 31 65 205 125 37 86 92 111 34 52 244 119 34 59 122 131 58 109 44 143 86 172 21 135 44 95 267 133 49 97 
206 76 109 22 34 333 117 22 45 207 121 35 91 251 118 33 56 393 122 37 32 91 113 34 70 25 131 42 91 272 133 59 98 126 129 59 119 33 136 102 213 
207 77 108 21 35 178 114 21 34 333 116 23 46 393 121 38 32 198 118 39 73 246 118 34 57 91 113 34 70 28 139 103 213 31 128 40 90 134 128 55 122 285 133 51 101 
208 37 131 43 76 206 120 36 72 392 120 39 35 334 117 22 44 245 118 39 59 88 111 39 76 295 136 53 97 18 141 122 206 143 126 58 121 
209 141 118 26 59 335 116 20 44 206 120 36 72 89 112 37 72 246 120 39 64 9 139 109 211 305 133 48 99 150 125 57 125 
210 144 119 27 57 307 125 22 44 11 109 28 89 97 113 31 70 205 118 38 69 250 121 39 64 5 141 109 208 318 134 50 97 160 128 60 120 
211 97 113 33 72 308 123 30 54 146 116 27 60 210 118 33 66 12 108 26 87 250 119 38 67 1 142 88 203 329 129 50 109 161 128 66 125 
212 211 121 31 63 148 116 28 63 97 110 33 75 334 117 21 45 250 120 38 63 74 132 60 121 0 136 86 214 178 130 59 122 338 132 49 106 
213 96 110 32 56 251 119 36 59 278 118 18 40 154 116 30 62 11 106 22 41 328 120 27 60 72 133 64 140 179 129 63 124 0 141 77 209 348 135 53 103 
214 30 113 20 34 251 115 32 50 155 117 33 59 278 117 19 40 8 106 25 44 325 119 30 60 3 150 80 192 201 133 59 120 81 129 67 129 357 131 54 111 
215 279 118 20 39 29 164 62 159 156 119 34 59 1 106 30 50 1 154 54 185 324 119 29 61 200 125 65 129 87 132 67 122 369 133 54 110 
216 266 120 34 59 160 118 33 60 12 158 65 210 191 119 41 75 1 107 31 58 324 118 31 67 90 138 67 127 2 161 48 200 222 134 60 120 382 133 53 111 
217 284 122 32 56 162 117 36 64 93 110 39 76 195 118 40 74 1 111 29 53 323 115 34 70 1 160 50 202 103 137 67 128 393 125 56 121 236 134 63 121 
218 288 118 19 40 172 118 33 62 0 108 30 58 94 109 40 80 1 168 56 188 326 117 33 66 210 121 41 71 407 126 54 120 110 141 64 123 251 136 56 116 
219 1 107 30 60 50 102 34 62 172 116 36 64 206 118 48 76 328 118 31 62 95 110 39 81 419 125 57 121 122 137 64 114 265 135 54 119 
220 364 113 20 31 122 114 28 79 262 115 33 50 1 104 29 63 1 142 58 168 200 120 35 64 328 117 33 62 174 118 38 60 97 108 37 88 224 126 48 76 127 141 68 120 428 135 51 107 275 138 61 112 
221 43 99 390 76 267 122 37 48 365 114 20 30 212 122 29 58 329 117 33 63 178 118 35 58 96 110 39 87 230 129 65 71 439 138 41 99 0 135 84 184 137 137 69 128 286 136 63 119 
222 54 100 367 78 296 118 22 41 1 101 23 68 335 117 21 43 213 124 31 59 452 137 27 62 94 110 41 90 236 129 62 71 146 140 65 123 1 124 82 203 301 134 57 123 
223 409 117 40 36 1 102 26 67 192 117 32 60 214 121 30 58 243 122 60 97 96 109 40 93 158 139 67 127 1 131 111 191 314 131 60 128 
224 369 115 20 30 0 103 27 63 327 113 31 51 214 121 33 58 253 136 65 71 96 108 40 89 165 139 65 125 3 130 116 193 324 135 66 120 
225 0 102 26 63 328 114 29 68 94 109 43 88 17 129 126 190 258 124 58 97 175 140 69 126 339 138 65 125 
226 76 105 22 33 0 102 26 64 328 112 29 69 97 108 40 90 264 124 56 102 185 138 65 127 28 133 122 188 351 143 61 120 
227 0 102 25 64 76 105 21 31 325 112 31 55 98 108 39 88 273 125 59 100 36 132 125 189 194 140 68 128 364 139 66 125 
228 325 111 30 55 98 107 41 81 282 124 55 104 57 142 115 161 203 139 66 130 376 139 72 128 
229 370 115 21 29 323 112 29 55 93 107 42 55 212 138 75 130 291 126 58 100 74 141 97 171 387 136 66 130 
230 372 114 21 31 30 99 41 65 325 113 30 53 206 116 36 79 90 106 46 82 403 117 67 152 297 128 57 110 221 136 67 132 86 148 101 159 
231 366 115 33 30 0 103 20 95 209 126 35 80 91 109 44 81 306 129 59 112 419 142 59 123 233 140 68 127 101 148 100 160 
232 298 118 22 39 0 101 21 99 211 128 39 78 91 110 44 86 434 146 44 121 246 139 71 129 313 125 56 103 107 145 119 165 
233 299 119 20 37 0 102 20 101 269 113 21 29 450 145 28 122 211 128 35 77 255 140 67 106 91 113 45 87 321 125 54 104 133 139 89 169 
234 366 114 33 32 324 116 21 43 90 112 45 90 265 141 71 125 329 126 60 99 145 141 93 174 
235 269 113 21 32 228 117 43 74 321 113 27 55 367 114 32 32 89 112 48 106 334 129 57 96 274 135 69 117 161 144 94 169 
236 374 114 21 33 231 117 40 77 281 118 36 60 342 135 64 66 283 142 72 101 86 111 45 108 173 145 89 163 
237 197 113 18 29 170 156 147 188 348 134 59 67 289 136 76 108 84 111 47 111 189 143 92 168 
238 24 101 32 56 318 114 21 42 0 197 57 131 355 129 56 114 207 115 40 84 307 137 71 111 81 111 49 109 206 145 93 165 
239 58 104 24 48 206 160 142 188 284 114 32 49 0 188 58 147 206 124 42 86 317 114 20 44 365 131 59 110 317 136 73 114 80 110 50 112 223 144 89 170 
240 18 105 32 33 0 186 59 150 368 130 60 115 315 113 21 44 205 128 40 80 327 140 67 105 78 114 52 104 241 146 91 165 
241 52 105 26 59 233 118 32 67 314 113 21 43 250 122 32 65 378 132 72 107 0 182 89 155 197 125 40 83 340 146 73 118 75 117 54 97 251 140 94 178 
242 187 112 18 32 314 112 20 38 232 118 32 66 253 122 34 85 348 141 67 104 198 121 38 90 386 128 67 118 0 150 87 190 72 117 55 98 266 146 102 168 
243 187 112 17 33 161 116 28 72 233 119 30 66 268 121 35 88 312 113 17 34 251 121 35 87 199 117 36 95 360 141 75 127 0 138 103 214 392 123 82 132 70 117 54 99 280 146 96 164 
244 233 119 30 68 309 114 17 44 268 117 35 92 200 120 34 91 251 121 37 85 370 135 90 141 398 123 76 130 3 143 104 207 294 144 119 165 67 117 54 96 
245 233 120 29 64 308 114 17 42 200 119 35 92 256 118 33 90 67 113 53 93 394 123 80 128 317 146 93 164 11 148 107 194 
246 160 112 29 78 181 113 17 31 255 120 33 76 226 115 19 42 236 120 30 65 307 113 17 44 197 122 37 87 263 118 35 92 400 137 75 108 68 115 42 88 333 148 95 164 17 147 125 145 
247 333 118 28 61 162 113 27 77 306 112 19 45 197 123 36 85 416 138 63 103 236 119 30 64 65 115 45 79 263 120 35 88 39 148 118 197 350 145 97 167 
248 306 112 18 46 237 120 27 65 372 114 21 31 426 146 48 77 196 123 37 86 60 117 41 62 263 120 33 90 47 142 119 207 368 145 97 166 
249 288 115 20 43 159 110 27 81 180 112 16 32 302 110 19 42 237 119 27 66 439 141 38 65 372 114 21 31 196 122 37 86 57 118 44 73 264 120 33 89 61 145 124 204 388 145 88 166 
250 117 115 21 31 41 108 18 41 331 119 30 57 177 112 18 32 299 111 20 40 372 115 21 30 197 123 37 85 50 113 56 107 264 122 35 87 80 145 120 206 398 145 84 166 
251 39 107 18 42 177 111 17 33 248 122 39 84 330 119 31 56 298 111 20 39 372 115 21 31 198 122 35 87 265 120 35 90 49 116 57 102 96 146 117 208 422 144 56 166 
252 249 119 32 74 32 108 22 40 152 112 21 34 0 100 20 104 393 119 37 32 372 114 20 32 298 110 20 40 194 113 37 88 424 150 56 121 268 121 34 91 109 144 116 209 48 116 57 106 
253 31 105 22 46 298 110 19 41 393 119 37 32 372 114 20 32 407 135 64 67 250 117 30 75 172 114 18 30 192 114 39 85 0 101 21 102 271 119 33 93 121 144 120 207 43 114 54 112 
254 457 133 22 69 171 112 18 31 32 106 19 43 394 119 36 32 372 115 20 32 299 111 18 38 405 139 58 63 196 116 34 77 250 118 31 77 0 101 25 106 272 118 34 95 145 143 113 211 42 115 55 111 
255 299 111 17 37 458 130 22 74 372 115 20 32 159 110 28 78 408 139 46 65 253 119 30 75 275 118 32 92 1 102 24 108 157 141 119 212 41 113 56 114 
256 255 117 29 78 29 106 20 43 465 126 14 44 142 110 37 83 1 102 26 109 396 137 49 71 186 145 93 198 279 121 36 89 36 115 60 111 
257 157 109 28 84 464 125 15 125 143 110 35 83 256 118 30 78 196 112 33 87 390 134 49 77 191 147 121 140 0 103 28 107 280 119 35 91 37 116 57 112 
258 458 127 21 78 156 108 29 86 282 124 34 86 196 112 33 90 370 123 62 101 1 103 28 124 215 149 119 143 38 117 55 113 
259 202 161 174 187 457 127 21 80 139 108 39 86 193 113 36 89 1 106 39 97 230 115 27 65 376 131 49 80 230 145 119 147 35 118 56 111 
260 233 115 27 67 267 120 22 37 140 110 37 83 192 112 38 91 1 106 37 103 371 134 47 76 252 149 118 149 31 116 57 114 
261 233 115 25 66 263 120 32 89 3 104 37 103 138 108 40 85 360 133 49 74 190 113 41 89 267 149 117 145 28 113 60 116 
262 156 108 30 85 341 117 23 38 5 108 36 114 292 120 29 66 233 114 26 68 197 113 35 87 138 108 41 86 356 137 48 69 265 121 34 86 289 156 119 141 17 112 65 121 
263 157 108 27 83 342 118 23 34 233 115 25 68 360 133 37 71 12 106 32 58 268 118 33 79 298 126 38 85 140 110 38 84 314 163 121 126 197 114 36 86 17 113 63 123 
264 255 111 26 54 232 116 25 65 297 127 40 77 273 118 30 78 140 109 39 85 200 116 33 83 330 153 118 146 15 118 63 133 
265 157 107 27 85 132 105 18 28 298 124 39 82 254 111 27 54 231 115 25 72 277 118 28 78 140 109 37 84 198 117 34 82 351 149 118 153 13 116 64 138 
266 131 105 18 30 302 124 32 61 278 119 28 76 322 129 49 82 141 109 36 84 198 116 35 83 373 140 100 208 13 115 60 143 
267 252 112 30 50 304 121 30 61 140 110 36 82 277 116 30 79 194 116 39 83 321 130 46 83 8 111 64 150 396 149 82 187 
268 68 103 21 27 13 96 376 82 252 113 31 49 138 113 38 81 283 120 30 72 313 128 46 84 191 115 44 84 8 111 62 149 417 141 62 171 
269 345 119 22 32 100 137 35 66 67 103 21 32 270 116 21 40 14 95 377 84 125 105 20 29 285 119 31 60 252 113 32 50 136 114 39 80 193 116 41 84 302 130 47 87 4 115 58 142 435 141 42 208 
270 271 115 19 32 7 95 391 83 43 107 35 48 124 105 19 30 375 117 37 29 341 117 29 28 251 112 33 50 137 111 39 82 301 133 47 79 193 115 42 84 4 120 56 133 
271 251 111 23 39 253 110 31 52 287 108 20 41 123 105 20 30 296 130 47 76 376 117 36 29 136 109 40 85 193 115 42 85 2 115 58 139 
272 346 117 22 29 287 127 48 83 286 107 21 45 122 103 19 33 376 117 35 29 252 109 33 53 136 110 40 83 194 115 41 85 1 120 57 135 
273 375 117 35 28 284 110 19 39 59 108 36 52 252 111 31 52 121 103 19 35 283 130 47 81 137 110 39 81 195 115 41 85 0 116 56 143 
274 232 110 25 58 36 96 404 81 46 107 20 43 280 130 47 78 284 109 18 39 252 110 30 52 117 102 21 38 138 110 38 84 193 115 43 85 0 115 54 147 
275 162 106 26 87 284 109 18 39 276 131 45 78 68 106 41 96 252 109 32 54 115 103 23 37 137 108 38 85 193 117 44 83 1 113 53 150 
276 234 111 20 55 75 110 52 114 157 104 27 92 114 103 21 37 256 132 62 73 139 107 36 87 251 110 34 54 195 116 42 84 0 113 52 149 
277 374 116 35 28 114 104 20 36 158 104 27 90 234 111 20 55 62 103 27 54 251 110 33 51 340 121 36 94 254 134 62 69 138 107 37 86 195 115 41 84 83 107 43 122 0 114 49 154 
278 250 112 23 38 252 108 32 50 234 110 19 55 68 106 28 55 252 135 63 67 372 116 36 28 341 121 37 94 90 107 34 121 197 114 38 83 139 108 39 86 0 116 49 152 
279 374 116 33 28 250 112 24 38 259 127 45 77 235 109 18 56 341 123 40 94 207 115 36 81 97 109 47 118 1 118 43 145 
280 258 126 44 78 344 121 39 95 235 110 18 52 82 106 30 93 207 114 35 81 1 117 40 149 104 111 43 121 
281 86 105 32 92 283 107 21 37 209 114 33 79 351 122 41 91 0 120 31 141 112 107 47 127 
282 72 103 32 60 103 107 28 54 169 109 17 40 235 110 19 42 329 122 30 56 281 107 23 38 352 123 41 87 0 121 30 140 119 108 43 126 
283 6 104 30 50 234 110 18 39 113 110 20 51 169 109 19 40 282 107 22 39 354 122 41 89 1 121 31 160 79 103 29 100 127 111 46 123 
284 304 106 22 45 329 120 38 89 10 102 24 50 209 110 32 79 121 109 22 41 235 110 17 37 242 120 46 72 168 108 21 42 82 103 28 99 283 107 20 39 358 122 39 92 0 119 30 170 134 109 42 126 
285 215 111 26 83 110 99 25 42 337 120 36 69 0 121 23 165 171 109 18 41 240 121 45 72 281 106 22 40 79 100 31 110 362 119 38 97 137 109 49 131 
286 60 103 21 33 110 101 26 53 216 110 29 84 241 121 44 72 85 104 32 104 341 119 32 67 0 126 23 159 280 106 24 42 369 119 42 97 151 109 45 131 
287 452 115 26 79 0 118 21 177 281 106 23 41 342 119 32 69 90 100 34 110 369 117 41 98 157 109 47 135 
288 304 107 22 43 453 115 25 77 3 109 59 52 343 120 33 67 280 106 23 42 95 105 35 99 370 119 40 96 171 110 43 134 
